2300
2301
2299
1308
1748
2313
2308
2309
6324
2311
2314
2310
1278
1286
2332
2341
2350
2326
2335
2344
2327
2336
2345
2328
2337
2346
2329
2338
2347
2334
2343
2354
2330
2339
2348
2331
2340
2349
2333
2342
2353
2355
2356
2357
7099
7101
2358
7102
2359
1749
4919
2352
1309
1751
2351
2360
1752
2322
6325
2317
2318
2316
2320
2321
2323
2366
2374
3227
2361
2369
3219
2364
2372
3225
2362
2370
3220
2363
2371
3221
2365
2373
3226
2367
2375
4625
2368
2376
4626
2377
1310
1311
1753
1754
6791
4624
4920
1312
6792
7662
1313
1314
1759
4921
4922
1315
1755